2.788608852845961827e-01 -4.352190658279273539e-01
3.960957260665920465e-01 -7.655540122355009025e-02
4.709519719076984412e-01 7.624445299023521194e-01
8.084074755842818316e-01 9.507493607825701076e-01
-9.410829016070025865e-01 -3.919145610607894792e-01
3.353887670391213494e-01 5.372798468444048847e-01
-9.722695010257293990e-01 4.011427564288660985e-01
9.300452007870314564e-01 -5.538426173375936568e-01
-8.839026633527187204e-01 -3.300452198029819595e-01
6.570240308129493556e-01 8.589119815662229485e-01
-3.881031021797025637e-01 -7.575305405512899881e-02
3.068683056006409338e-01 4.388350078323353110e-01
-2.721992936917956296e-01 7.928048855443268206e-01
5.837988937030726966e-01 4.231273099263235249e-01
7.239065345399924301e-01 -7.414784917433259182e-02
-7.926601619001567567e-01 2.061580390767125959e-01
-5.235134580180411668e-01 -7.222362338073249344e-01
8.571610852873770003e-01 -4.742112586911817473e-03
-3.300110502513942112e-01 6.011366838891711861e-01
8.720269749238538370e-01 -7.232266226044781199e-02
-5.380547558381996165e-01 2.692548007662749487e-01
-9.996607444033642764e-01 -3.812471913732684570e-02
-1.969535334404748372e-01 2.061888049423539204e-01
6.220019889337282670e-01 -8.968185901997109966e-01
5.647353326618200775e-01 -6.670185193766526854e-01
8.082112218206563004e-01 6.608702432214903499e-01
3.212401359486305452e-02 -8.880358239346162197e-01
-4.576573310699658670e-01 2.002962242757082567e-01
-6.505663908594634393e-01 9.541129791565432505e-01
3.490934809541981210e-01 -7.326623773196194733e-01
3.715234722396532074e-01 -6.864040045682435753e-01
1.073483528263330378e-02 8.317515407258517790e-01
-9.486410583053039858e-02 -5.610025769642326132e-01
-6.064330302969513919e-01 -8.277763172174839035e-01
1.166728155656842070e-01 5.672356750301168482e-01
4.350297584396076722e-01 9.251283192485888485e-01
-2.028412185626535802e-01 3.911183223947367615e-01
3.155400258710248096e-01 -9.863410755486328174e-01
9.602659710382301927e-01 5.600858381498916572e-01
2.944150840022501381e-01 6.112785870799974930e-02
-8.277861228929501713e-01 5.301907991121352914e-01
4.040408870909304451e-01 7.850146419769021833e-01
7.364478949969901489e-01 -3.632739243178426669e-01
3.926458499588292295e-01 -5.376024034090700621e-01
3.850357937995629865e-01 -6.196951775936505591e-01
1.975603839426280928e-01 -7.691836389529882467e-01
5.320371348667498612e-01 -2.671235995415803810e-01
4.845434823766270327e-01 -6.761501608907469762e-01
-4.477094044083860922e+02 -4.622416058799884695e+02
-3.314698161107119176e+02 -2.748120685035971746e+02
6.544835494391143538e-01 5.285285899588256786e-01
-3.340049126995427997e-01 -6.610434496617800804e-02
-7.317584075759173690e-01 4.439221522624872129e-01
-5.692800767244248217e-01 -9.022476023930336986e-02
-5.172408546948139474e+02 -5.506337453350025726e+02
-3.097560302319000130e+02 -3.645401730791650721e+02
-1.828715874112057236e+02 -1.000374837065662632e+02
-3.056594436364424041e+02 -2.645143386949503110e+02
-7.807971291993538454e-01 6.390475641669541851e-01
-4.618070971728658325e-01 -1.241969854548214300e+02
-2.572713937278692242e+02 -2.840612523893707930e+02
-2.259444273863190347e+02 -2.413667076012388293e+02
7.577702314151111285e-01 -7.370178372669218270e-01
-3.142838724385779869e+02 -2.836446021223750336e+02
-2.862588485654929968e+02 -2.164265322210052886e+02
-2.387230365819037559e+02 -3.015316643427834151e+02
-3.586940327227075009e-01 7.631821143884920389e-01
-2.006816277449184440e+02 -4.182246186692191170e-01
8.438797303396528005e-01 5.595770344879991143e-02
-1.866374651708549095e+02 -8.519858736619592143e-01
-3.612082977295998489e+02 -3.692456804517445903e+02
-3.695328987013123765e+02 -4.505365638258341505e+02
7.912225833119586049e-01 -5.271336784153635158e-01
-8.313905730713397890e-01 -2.981045760519855925e-01
8.525566356313316607e-01 -7.504084822626908569e-01
7.592374190761794761e-01 -3.939182247176049589e-01
-5.406533054088389356e-01 -6.685774200072716056e-01
-7.846961725614081118e-01 -7.035403472384804680e-01
-5.690915097469735340e-01 -6.148342288070867134e-01
5.807768855927670781e-01 -7.173265740689236392e-01
-3.330175076560435432e-01 6.525597023984903711e-01
2.627694522310024539e-01 -8.459083645317484468e-01
3.867072698955535959e-01 7.791928820434723679e-01
-2.663014602032749423e-01 8.942425297910270299e-01
-2.126610442651345352e+02 -2.996809411000009504e+02
-5.680122884858459997e+01 -2.979466358853466801e+01
5.560799002120009327e-02 9.507129387986648084e-01
-9.732108255543130415e-01 7.560646862706725813e-01
-3.505182917537987830e-01 -9.760671996804934913e-01
4.246628252953892346e-01 4.274288147965270568e-01
-2.410734991390690141e+02 -3.913546321582556686e+01
-2.995097622202168282e+02 -8.776971390824756725e+01
-4.000566434978917840e+01 4.153559120900198742e-01
-9.079310108129726586e+01 -1.257586583207272781e+02
7.232443667345429539e-01 9.640369881359145410e-01
-5.897145422716421059e-01 -2.323639192933146802e-02
-8.642607141437754592e+01 -9.541620696985310701e+01
-2.320381094626656306e+02 -1.750082407422529229e+02
-5.932936883748836099e-01 7.069355634183089876e-01
-1.354583301137031981e+01 -9.332988212879932632e+01
-2.194194373960330040e+02 -2.046563929995669469e+02
-5.662819850853583858e+01 -1.484405973457621144e+02
-2.732659682976321136e+01 -1.290601234578923062e-01
-4.510681128024246789e+01 -9.813001349893232828e+01
-2.246726415084649986e-01 8.442884768070491042e-02
-3.452906512822018215e-01 -3.201575053562781825e-01
-1.059280973689892846e+02 -1.441632103315307631e+02
-2.841366368044192825e+01 -1.050714652612943496e+02
-1.594186766860230531e-01 -8.673856450537567042e-01
6.647166632201937375e-01 -9.395799856782067749e-01
-7.766007725091288449e-01 -7.702625210639202358e-02
-1.549591778680752263e-01 7.486454429593680793e-02
-6.703343913263424270e-01 -6.247921891020458141e-01
3.202442544247368073e-01 -6.723515940724251738e-01
-4.995446646638586063e-01 -5.034748029358515620e-01
7.366142654770282405e-01 -5.145194527130358964e-01
3.566400072563968848e-02 6.230107627155370142e-01
1.056451345652482665e-01 9.867857169283622554e-01
-5.296266298709542131e-01 2.172079904439740972e-01
-5.832633288238429081e-01 3.100290079616947470e-01
1.122935167820147129e-01 -1.316450098414132519e-01
-5.983393152412688210e-01 1.025902024931664824e+00
-4.974895430390053885e-01 -2.223368222680826012e-01
1.547744376717130610e-01 3.218221119361084348e-01
-5.323044379183770047e-01 8.846079762671903435e-01
7.277844201428778081e-01 -6.115618435988934287e-01
-1.123956054659142367e+01 -9.671183305190616863e+01
2.922930177666391849e-01 9.105191032160888653e-01
2.848444823078726262e-01 -5.096224465621077560e-01
-4.789612976368970987e-01 7.728754796889720780e-01
-5.418206980314124177e-01 -6.927704029888936965e-01
-4.819989569911098393e-01 -2.714033763335421678e-01
-9.092408994706826508e-01 -1.816216654657365126e+01
1.250947268321274120e-01 1.799910684942434891e+00
-3.850441468861107719e-01 3.706798223344531795e-01
4.576135892685575968e+00 -8.082587482461955908e-01
-5.846099331493297413e-01 -3.189893593942894157e+01
-8.848985139947163070e-02 -1.676647471999960004e+01
-6.435278745857566651e-01 -4.720253267765068816e-01
-5.350534833072120300e-01 6.422313377201203100e-01
9.451886520953121096e-01 -6.521167045378877258e-01
6.142512037860488050e-01 -3.122814740417949597e-01
-5.874171156611616151e-01 -5.784780795827377808e-01
-4.345876197269410213e+00 -2.855571551257079932e+01
8.270538236184243885e-02 3.407564982140922627e-01
2.271468015237565474e-01 -1.796287798633300348e-02
1.598941302821799137e-01 8.705029275384568166e-01
-5.565699601680751396e-01 -4.906480683735712223e-01
1.724782764253578460e-01 -5.852801115544536970e-04
9.644671585674109426e-01 4.062570990439022811e-01
6.183677257501156710e-01 -3.723182847409365337e-01
1.098375415173133973e-01 -3.709760980951888332e-01
9.680424852871434283e-01 2.812996663265732167e-02
-5.342935809789222112e-01 -2.559038738166661275e-01
-4.240099973260367250e-01 -8.207626233188418663e-01
-2.266184559197814696e-01 -2.887057658412750527e-02
6.351230933258302791e-01 6.757239693829235616e-01
-2.995459454168369895e-02 -6.906751036991232162e-02
1.518721768877613343e-01 -9.177214303676479723e-01
9.550141963325902150e-01 -1.710264660311269225e-01
1.023258059841647416e-02 -8.312458565319029713e-01
-2.021484350946218811e-01 -9.291099826157760422e-01
1.867127093377702884e-01 6.923312857881118720e-01
3.272211536855469394e-01 -4.493679437263016219e-01
-2.268393920400315622e-01 8.367656304675195056e-01
-9.736896415222238144e-01 -5.244709697917939728e-01
9.301160267296881834e-02 7.354214572055453036e-01
4.056232005206725777e-01 -6.508663860906009901e-01
4.739365066074248123e-01 -8.470884716554158977e-01
6.477033154941316262e-01 1.541730418409270609e-01
-4.249294484493109092e-01 -9.659495828925801497e-01
1.395210626479355120e-01 8.753289305890950001e-01
-5.401564977551642777e-01 -3.275469355851969855e-01
2.763282073039536879e-01 -8.175304795514712897e-01
2.510297358019535352e-01 6.079902304991600115e-01
-7.729684609627665015e-01 -4.109980319409292093e-01
-1.582351106828192577e-01 -5.896787899465425475e-01
-3.960698867874428153e-01 -9.936212350162880735e-01
1.591395842930205529e-01 4.741355054655114198e-01
1.385385200037059228e-02 -4.563271941848690005e-02
-8.127316085297835446e-01 3.074707218179550949e-02
8.436262909484255612e-01 9.113255108910296443e-01
-7.884188957846702817e-01 -7.972078188078541849e-01
8.961913448315086406e-01 2.842868851486985982e-01
9.776823409650590158e-01 5.911804945446399451e-01
4.756084728492888658e-01 7.482200379260524059e-01
7.983061868653926751e-01 2.867950233447316144e-01
6.615752953277178605e-01 -3.535130667720765008e-01
1.655234297394794218e-01 -9.367869057526052590e-01
-4.549335221756987124e-01 3.339154218340305569e-01
-3.363790585672807865e-01 3.473940102733419355e-01
-7.714999783233102981e-01 -2.739575507673859267e-01
-5.699598249666903982e-01 -4.169992180512036573e-01
-3.778158197024665821e-01 1.079143692182373826e-01
-9.682007130156682351e-01 -5.489345104542473486e-01
-3.916793850235453789e-01 9.965760807150281231e-01
9.557596407985065046e-01 2.765643394541599243e-01
3.470827809975762790e-03 -2.104889189794409976e-01
1.498540843361659824e-01 1.892681258811079736e-01
2.428551945042212168e-02 -8.381649376315927213e-01
8.378458214123722936e-01 -6.824915183813784481e-03
5.061444466943407772e-01 -4.382064142072150670e-01
-2.652301852870682097e-01 -8.326484836331211614e-01
-5.787249030690992946e-01 -6.920473812152994064e-01
-3.810882321246100712e-01 -5.565644993886076364e-02
-1.119516404982332514e-01 -3.603437867386620752e-01
4.485216332124828398e-01 -2.724530872938253356e-01
-8.266263022543374195e-01 -4.538499063432208658e-01
-3.981838470960985532e-02 -8.867435701138881576e-02
4.663452953669811052e-02 2.763586145306333730e-01
2.813409624936045184e-01 1.261986776883332606e-01
-1.879085015279593485e-01 -3.163334754386213366e-01
9.844684682992621561e-01 9.638525122286332181e-01
5.475697504091101564e-01 9.366918034478248778e-01
-9.433963434161665162e-01 3.031755251130741069e-01
-4.765238012372174925e-01 5.985793626723359129e-01
7.486114201584028738e-01 1.184034913067577577e-02
-2.326809383900658723e-01 -6.247019931242325796e-02
9.792723022702043423e-01 4.192637964383822968e-01
-1.972809317210910685e-01 2.237937380272452259e-01
-8.419282687227913620e-01 -8.697330891935250996e-01
3.046842222474681616e-01 -4.541019260541863112e-01
-1.934766823215769982e-01 8.519756819236727896e-01
6.980615861666568112e-01 9.412490980837961985e-01
2.316588574724967042e-01 -5.470271422341039802e-01
4.305447791255878620e-02 2.565175338126892690e-01
8.737872095731689104e-01 8.381095047359512495e-01
7.620858181030658596e-01 -6.185198315017383930e-01
-3.789343859726044261e-01 5.011880875524181711e-01
-3.163473733050734538e-01 -6.494268646509073761e-01
8.706084790930468387e-02 2.699348550087776744e-01
-8.085560455181186601e-01 9.340144669930938726e-02
-4.121390376589515459e-01 8.566520001370532267e-01
4.430947527169566413e-01 -7.499325886658816387e-01
8.220746616581058319e-01 4.634648833218129038e-01
-9.396056021963559157e-01 2.953994935457442406e-01
7.227850848219905533e-01 8.208077085337666112e-01
-8.102429440591789600e-01 3.417255458376959876e-01
-8.051078896207217728e-01 3.111133025548036279e-01
8.808906609685225320e-01 8.915767435387691453e-01
-6.513083288481105182e-01 -3.327656605684681246e-01
-7.154656431059027710e-01 -9.126007773758177954e-01
-6.846736933078425569e-01 4.226882497160397989e-01
3.481273607833901274e-01 8.316110593771040005e-01
-7.126075607331590067e-01 5.594842033329847641e-01
8.775416751445461738e-01 -2.276976006439002109e-01
1.382463542922705013e-01 9.988893641574947413e-01
3.545460750319342491e-01 -1.341188668034345444e-01
2.140609661923860152e-01 -3.540893144260770509e-01
-9.505031768431846384e-01 -8.335326826961992897e-01
-8.087933210819797658e-01 -5.411299881689033420e-01
-6.325105136922528626e-01 7.943156087024745293e-01
-7.433876018679952402e-01 -1.008284593451020470e+02
2.286565196766365826e-01 3.163980245021846827e-03
-7.966553236811924066e-01 -7.766931752190906479e-01
-3.308747815348214161e-01 8.554963710976080105e-01
5.114725649938614005e-01 4.354092767101156447e-01
-1.345199493292783544e-01 5.535947268511245412e-01
-2.120843596272400191e+02 -4.181741891592589582e+02
-1.459563407500659160e-01 -2.311514999503327950e-01
2.830052973611232758e+00 6.793510217716010047e-01
-5.891225997611029275e-01 4.631814423358062704e-01
1.033300856159162784e-01 -5.720630662863277482e-01
-9.555979134502228245e-01 4.914687311006304959e-02
-2.320739167769669109e+02 -5.135716576035983962e+02
-2.558436529831329267e+02 -1.663214037815616848e+02
-1.197967595855315892e+02 -1.674134336653170294e+02
-8.383619706034222130e-01 1.681905172433448836e-01
-9.066310597264550797e-01 -4.498142737905739263e-01
5.710486592850703147e-01 1.876419378013354233e-01
-2.197173188398216155e+02 -2.405794355732141412e+02
-6.453721904737886916e+01 -1.862491673936722805e+02
-8.679765252212457938e+01 -2.297728372071827607e+02
-2.049736621735392816e+02 -3.231309986775569882e+02
-6.894176111530847528e-02 -9.866596470702160104e+01
1.773506339768931017e-01 -8.099435312608329607e-01
8.156130516696946664e-02 -6.770694107213952595e-01
-4.638097777474761152e-01 4.219453317545476256e-01
-1.297727938437331918e-01 2.345102486460455271e-01
6.728161957412999161e-01 8.396758477864785242e-01
-3.795641468732858925e+02 -3.434341459176017679e+02
-1.740000647139908097e+02 -2.832550839546584029e+02
6.276052694207880922e-01 7.660564679470820426e-01
-6.694067326887112035e-01 7.810798702245356218e-01
6.672265992508477073e-01 -7.836791543620413858e-01
-4.807218675063074098e-01 -8.375795614986270010e-02
4.809513513897492043e-01 9.590232901076434224e-01
-6.560034351453697354e+01 -1.448244609826506064e+02
-7.478318696893966333e-01 9.307639092761563759e-01
8.775276397269078377e-01 -3.044293591922064834e-01
-5.179251845997534520e-01 5.236819177872931164e-02
3.529703479285510870e-01 2.896950282934787069e-01
2.481232198397775868e-02 -9.257917663613088877e-01
3.166786302734989622e-01 -4.577649854281511388e-01
-5.106380463791587232e+01 -1.698852672286652705e+02
-3.172579384510560430e-01 -2.651795453067682828e+01
-7.332722651356498034e-01 -2.618801450158044730e+01
-2.661361147634528912e-01 2.941426120601682292e-01
-4.877803878436564045e-01 9.542371049288478346e-01
7.390669815661923270e-01 -1.541892166030414124e-01
-3.129042048916286944e+01 -2.891810174090276746e+02
2.986670414411353836e+00 -1.434033785556059684e+02
-2.392680326233239185e+01 -7.909606337948596888e+01
-2.592418194417489552e-01 2.853107652473796385e-02
6.864373443088644944e-01 -8.857347041813308230e-01
5.880356373387307656e-02 7.151654857940648036e-02
-2.097204965469352800e+01 -1.593383992759177659e+02
3.591174491435455529e+00 -5.257643776111922129e-01
9.571118680507844090e+00 -6.491178908257641922e+01
9.473919630134446379e+00 -3.833136538953634442e+01
-6.793952431360823496e-01 1.199728840659244344e-01
-8.411859357110735846e-01 1.467992072023400763e+00
-1.157705708569762848e-01 1.792287416801841671e+00
-7.070046747910991858e-01 -1.983353739811842331e+01
-4.929680083137322200e-01 -8.775917849179941665e-01
9.965395943228642750e+00 -1.853316300515955817e+01
-2.389266005761136924e+01 -1.022343332780597933e+02
-5.481470589792649406e+01 -1.885493697276565115e+02
6.401589074215641162e-02 8.578735713802900786e-01
2.633873784354978653e-02 -1.000588983526433662e-01
-4.965096533803845524e-01 2.101798550675968436e-01
-9.438291606901563213e-01 5.340565661879106418e-01
-1.338823694731228784e+02 -5.929313118851793263e+01
-5.035142420187780488e+01 -1.847035151549375485e+02
-9.237199067440724498e-01 -7.063304768505465070e-01
5.657988505950344305e-01 -5.561655361260784414e-01
-2.132012272148853249e-02 6.266100221357175926e-01
7.030875860976553149e-01 -5.463059051740566385e-01
-6.650732045340124188e-02 -2.357614725211367723e-01
1.834499516849918965e-01 -8.859812345863948835e-02
-1.226190706410856279e+02 -3.252757506637406948e+01
-3.579788976611588680e-01 -1.022275458639237966e-01
-2.247872350728150614e-01 -4.681400240071631469e-01
-8.658812626521230627e-01 -9.356463895786846230e-01
9.391919781123234667e-01 -6.996418056786823936e-01
6.394987203997577474e-01 1.503159994649734266e-01
-2.063892279694329801e+01 -1.136033595047146036e+02
7.590464205980337553e+00 -8.410257872092774534e+00
3.126527988422589388e-02 9.033668626832402904e-01
7.423581865937389779e-01 -4.671191793248381519e-01
7.173373563089724403e-01 -1.655291336425732673e-01
-5.432041369497007111e-01 -7.871008389474523081e-01
-9.451188742158598188e+01 -1.341187972129543127e+01
6.095956309348340874e+00 -7.891113980169772724e-01
9.539821700167575358e+00 -7.715061242487665005e+00
9.158324201807474196e+00 -4.057764356863336275e+01
3.743247063961081533e-01 7.661776673569686835e-01
8.607778894159994199e-01 -7.345243131613414800e-01
-9.820653233340099320e+00 1.291841540096091423e+00
-3.956388291238264188e-01 7.829188105735713776e-01
3.828446917569230390e-01 9.705159532291849356e-01
9.771055638148681055e+00 -1.211132701069581685e+01
-6.681859871030916054e+00 -3.062973834296844444e+01
-7.693593524247425819e+00 -5.037718382341396506e+01
4.663405232003290379e-01 -1.078230408193150414e-01
9.781862564305943142e-01 1.927973775634572728e-01
2.581791548957885762e-01 9.535447425146288403e-01
6.662812393655153098e-01 -2.842207275808554812e-01
5.813506976368194579e+00 -8.886330180663298606e+00
-3.957325669322368356e+01 -6.455700135591798983e+01
5.746253152686593424e-01 -4.190525326069904910e-01
-1.126505206283878735e-01 -5.175638239230364590e-01
2.157496667550606873e-03 -5.214786535210511609e-01
3.052999232036470723e-01 -7.851405454302413656e-01
-9.807508143392076327e-01 -6.978138688064705608e-01
4.196737172578877129e-01 1.681278839719300144e-01
2.930449568244608560e-01 -7.946601313228724983e-01
-1.854941701936165810e-01 -5.032293636070448439e-01
6.035722195191526307e-01 4.553670922080101935e-01
-8.191394399508018509e-01 1.134424663749598050e-01
2.247817773168410138e-01 -5.687972945015919990e-01
5.698331484374743461e-01 3.518917605660785153e-01
-7.649594372232265904e+00 1.596159529310623437e-01
-5.520502317410228343e+00 5.996963939840551205e+00
-1.238367271797640168e-01 -5.808661821078746623e-01
1.986766328858193820e-01 6.871045324675939536e-01
-8.843947392273969754e-01 -1.976261988056580154e-01
8.457555059779366946e-01 1.256321098390689173e-04
-6.859516632276914549e+00 -1.288383307508104636e+01
3.083879732142676744e+00 1.601048385994556789e-01
-1.660587408992162395e-01 -3.324235733364104828e-01
-2.990442245001381227e-01 5.118429063844802673e-01
-6.745260207933070351e-01 -4.394869851172997777e-01
6.985465774003973838e-01 6.158882542119215042e-01
2.951809176486960062e+00 -4.070002175516784781e-01
5.059629875175011282e-01 4.241501432335563759e-01
7.668818978210749648e-01 -4.797240255935886211e-02
4.759905085338226094e+00 -6.481998706395919463e-01
3.012118622971460269e-03 9.416412396184528077e-01
-2.846269335605440265e+00 -7.909169061108181076e-01
9.984730503216638908e-01 -4.411311164339484225e-01
-6.981479207057073033e-02 -4.779448703392090714e-01
6.618997668094013243e-01 -6.731130216192546811e-01
3.792765328858003215e-01 7.768982203257823738e-01
1.034371696730224555e+00 5.742321432126740177e-02
8.200210687017475131e-01 7.263602356554794692e-01
3.724444560938269255e-01 -7.871399134100387496e-01
1.778489449710884962e-02 -8.261027015962087994e-01
-1.942906954550149834e-02 -8.301920962043971564e-01
7.876955697103869003e-01 1.154893412064659231e-01
2.996229747329302029e-01 -9.693328950182491521e-01
-7.973180133817836523e-01 8.799199535227739677e-01
8.663552040216004890e-01 5.046106444304612193e-01
-1.293632323003508500e-01 3.664932361297008612e-01
5.170442035836841921e-01 -1.911145832617262563e-01
1.872563073476027906e-01 5.180618607142533083e-01
5.847823788231654163e-02 6.103219653844860204e-02
8.732956289012097084e-01 -5.267018881184990509e-01
8.145586088686185278e-02 -6.337304720936323132e-01
3.690981325829203463e-01 -5.999725329802827467e-01
6.635288822976237455e-01 -7.764555890125504067e-01
-4.304753720087581836e-01 -9.140978148721150554e-01
5.052728007583495717e-02 6.670621660008164699e-01
-9.794433698207591910e-01 -9.312340459227494982e-01
2.050082131028128085e-01 -7.235796855634666347e-01
-3.471601056051298873e-01 -9.984037353389618730e-02
7.483424557217193129e-01 1.321166541012264162e-01
-8.335873576807102392e-01 2.260745685254805792e-02
5.014280951518041984e-01 5.650021856174269885e-02
1.810886159318838562e-01 -5.484658925525571771e-01
-7.783427314289679266e-01 2.542658034712943493e-01
-2.098475601142217872e-01 2.977165948195397149e-01
4.509570229476951297e-01 -7.450884944036348934e-01
-3.995939730015269920e-01 -4.125973926466335318e-01
-5.844034510083839784e-02 -9.007042047097446602e-01
-1.079139281760346236e-01 -8.956127307238090918e-01
-2.841351531868623326e-01 1.970343275630439539e-01
-7.086294102667329842e-01 -5.576082537991844390e-02
8.168037671629400087e-01 -2.665136044341185340e-01
8.354799194901820769e-01 -6.888768053350082798e-01
-5.302406409669582210e-01 2.454715857597364881e-01
2.928645290166076443e-01 6.025321211327749893e-01
1.787526203108817935e-01 7.541392573637204499e-01
8.091758075900723490e-02 6.317666409183730902e-01
3.046993280758534262e-01 2.315608816102268097e-01
1.622759674191065482e-01 9.320852843738043347e-01
-1.481010865865663995e-01 8.996234753311964649e-01
-8.785959682362503020e-01 -6.336490151633513701e-01
-5.863499297155896350e-01 -3.717468112819826143e-01
-8.550727136168605469e-01 4.240164053172426062e-01
-3.754087000099559646e-02 7.343472190684499079e-01
1.737638267391243829e-01 -6.932891994574974515e-01
-6.847374199957849683e-01 9.077898159234851772e-01
2.401816541143033668e-01 -6.456759203810977787e-01
-7.174760138692630740e-01 -5.151085912526458532e-01
8.995128697491072689e-01 6.450332744861773104e-01
-7.362760769343967837e-01 -9.994788800024372311e-01
6.615745576350449131e-01 -8.349932804487236737e-01
-6.182454611432508518e-01 -9.527147421534483129e-01
6.424749873784036946e-01 -9.679093013553783376e-01
3.788807648916525661e-01 6.036467752972753953e-01
9.857853552324271629e-01 -2.604350944404112411e-01
-6.382147376174129860e-01 -9.633470088989599667e-01
7.268550867404606208e-01 -5.840841200908133413e-01
-3.540599799185184526e-01 8.192952050654369600e-01
1.313525915883291262e-01 3.431094969895414071e-01
1.514640984669690660e-02 9.747344023505633004e-01
-7.221310834277461232e-01 -9.217059707816357417e-01
4.881718251409572495e-02 -9.584130878779681950e-01
3.650100724642959538e-01 4.323557416262848729e-01
1.469389381338621625e-01 8.268032333566344150e-02
7.436664221609130543e-01 4.485666255821576520e-01
4.849371266786175472e-01 6.918563731844429299e-02
8.522301982351039307e-01 -5.269134776892132610e-01
-9.511458016095712953e-01 -6.541421424633253601e-01
5.293952872829550405e-01 8.962046094605020663e-01
-5.583473732125452393e-01 5.999291172616028067e-01
-2.106348100384121125e-01 5.060314998351944649e-01
-4.256592854730141795e+01 -2.478903343184964001e+02
8.659856723066239326e-02 -1.077045096270975364e+02
7.648469343933794740e-02 -8.177137965261382924e-01
-9.886302606415364735e-01 9.387623336305985777e-01
8.867816544269733203e-01 -6.993594609398181561e-01
1.035901847555686928e-02 -8.712652501308502107e-01
-2.504563033437414106e+02 -2.950469778020310514e+02
1.031303190064528419e+00 -2.647864503131810920e+01
3.206722625552742123e+00 -1.118962335216220367e+02
-7.679614388162714356e-02 -4.959115544448788881e-02
1.466195301514954252e-01 -3.949977249225955500e-01
-4.264952785567635019e-01 5.302681834847595699e-01
-1.921992403791878132e+02 -1.409148659963327361e+02
-9.848029271023317222e+01 -3.393987601328369408e+01
-2.156257578610007553e+00 -1.942560584584005596e+02
-1.271097284949874933e+02 -1.649729653754902188e+02
-9.523017880092386633e+01 -4.396683923585009524e+01
1.298680263490914477e-01 1.424692036231194336e-01
-8.038269182377527500e+01 4.624100679435192429e-01
-1.149531928134075685e+02 -4.402087373425931105e+01
-2.444676407401405460e-01 -1.220517319698965508e+01
-2.827701165678078254e+01 -5.791302806938278280e+01
-1.907765931858520787e+02 -4.859659116718767535e+01
-1.198653493646306600e+02 -2.298549723151675721e+02
-5.306802760441131639e-02 1.210020779429437088e-01
1.416659390162879895e-01 -1.664339878520344485e-01
1.017852618468773063e-01 -9.426818913435976999e-01
6.213369332062257389e-01 8.898814163154820100e-01
-1.650195745974226043e+02 -1.268849702970374267e+02
-1.146069434284071491e+02 -2.658505127385519700e+02
5.313405026202040471e-01 7.786248609278834110e-02
-2.784000767414855915e-01 -6.787882249573702342e-01
-7.836903723398742638e-01 -4.254375610657386009e-01
-5.817657400494069542e-01 -6.818338935345420460e-01
-6.303244823365505844e-02 8.013152662056224340e-01
-4.671263098455291640e-02 -4.663184289604391797e-01
-8.005291706867804180e+01 -2.378751312150406250e+02
1.908203516281610446e+00 -5.079430458518540092e+01
7.260107169903433633e-01 -9.460496888112941427e-01
2.437681489427887538e-01 7.807303751779579581e-01
-6.732003725946644757e-02 -7.253222008365116658e-01
4.266883657696662890e-01 -6.551439663987066453e-01
-1.380530849524057544e+02 -2.331568137938619429e+02
-5.396960573783859516e+00 -5.791706469785654576e+01
-5.367646549820290325e+00 2.417890599812897445e+00
3.852905809704110229e-01 5.104118958115502203e-01
6.261433393104904876e-01 5.094682905647820448e-01
4.893892273158817474e-01 6.431908355023587820e-01
-6.414621205964066064e+01 -1.748295790470961606e+02
3.366202496049951698e+00 -4.168033929757000067e+01
8.985627582571899197e+00 -6.979135372903819245e+01
9.613231915631509139e+00 -4.213556445781988913e+01
-4.384803957617657844e-01 3.525588854179406262e+00
-2.687252547826579629e-02 5.641812119915401436e-01
-2.144796504929330894e+01 -1.098378610775911568e+02
8.619228269007598087e+00 -5.520022291495641298e+01
-1.689538739704794956e+00 9.490586699373064761e+00
9.412393331721482070e+00 -3.751744376837458361e+01
1.720384919349209785e+00 -1.865307836388303553e-01
3.275091264822868276e+00 -1.175365014391757796e+02
-2.246089811293869865e-01 2.158708370561046586e-02
-4.947126128013905610e-01 -7.874458689451044879e-01
-9.883233309556740398e-01 2.426674862201292360e-01
9.229282562823865277e+00 -6.539214156953669033e+00
2.594791883121989162e+00 -2.225976551470580489e+01
-1.123861776107053458e+02 -5.746673476686295601e+01
-7.545219290960187841e-01 -6.024126409453780528e-01
3.251539184771323754e-02 -9.653586880053792729e-01
-8.246933412088317539e-01 4.262562316841462806e-01
-7.752768322573320159e-01 4.940916222186082507e-01
2.459460231956919429e+00 -8.594245877822079827e-01
-9.475325224028210425e-01 1.379122698359571242e+00
7.313563736341863741e-01 8.829318972278132893e-01
-6.541343072610006359e-03 6.916043052075282471e-01
8.708806784881313323e-01 -9.422031557108672128e-01
7.684676122743441251e-01 8.785138456621699454e-01
-9.538087612033074869e-02 -2.758418978980643477e-01
1.286735410047610273e-01 -5.036290957077438346e-01
-1.625900745941458467e+02 -2.338597729133300263e+01
-2.973710790393852932e+01 6.366303964302138851e+00
5.651549505243595561e+00 -5.829145709177333323e+00
1.154546113149674813e-01 3.166880260354378862e-01
8.322419173148729588e-01 1.680858856378006916e-01
2.147571099607579193e-01 6.865993786844701852e-01
-9.629911203532000741e+01 -1.885971258492195446e+01
-4.249208645251454897e+01 6.666026478545853173e+00
9.672764635693383184e+00 -8.832070375633335857e+00
3.566872269525718231e+00 9.515700048453741289e+00
8.510403192571664999e-01 -8.055198995443297871e-01
1.006076782583582574e-01 5.699162424498998014e-01
-1.611946100602582810e+00 -2.951205084002288714e+01
-6.887717246553343386e+00 6.869774077031429727e+00
-1.847032779892507470e+00 9.659210543492889656e+00
9.637992173440885324e+00 3.966384710771140298e-01
4.904841694577590339e+00 -1.014048733068610275e+01
-1.169018462074112108e+01 -1.700011146199411982e+01
2.806095572132683458e+00 -3.129378240801869993e-01
6.253415018752070509e+00 -8.922228153112377047e-01
1.304999632697811940e-01 -8.974526236097071230e-01
6.007785420534796472e+00 -5.983128571950484975e+00
-4.330785348015372449e+01 -5.599299232818648875e+01
-1.503837482397209824e+00 -1.256995056722416422e+02
-3.955489824537128385e-01 1.839473291611806172e-01
8.791605051432185292e-01 8.698162428275932889e-01
-4.001440247319432153e-01 9.992233925916667037e-01
6.661945650973808419e-01 8.822510015687470286e-01
-5.175154185062953438e-01 5.958609703048772133e+00
-1.367509284522863027e+02 -1.379982536328212461e+02
-2.425961132394482966e-02 2.753712528476814914e-01
-3.281278008850541106e-02 -9.986511849057015944e-01
-6.900485184639133518e-01 -8.351257180214899378e-02
5.648217938678585792e-01 1.473260719353708392e-01
9.303019092028776971e-01 -4.927394129352589136e-01
4.685295757293472807e-01 1.216635237289787064e-01
1.146707632241008135e+00 -7.958498449191733215e-01
-9.915068504018273998e-01 -1.473600500508311928e-01
-8.417539724197580231e-01 4.571622712089487006e-01
6.654182739232195054e-02 -4.021370499758456507e-01
2.770523553291843744e-01 -2.635848786874062100e-02
7.279931261646894747e-01 -7.392423561920142827e-01
-2.465642025599121112e+01 -3.467314290468201499e+00
-1.505548570624927862e+01 5.905136300364978830e+00
2.994093589128659083e-01 -3.039794936109774248e-02
-4.775030603034637888e-01 3.071302973693821325e-01
6.454442529228836545e-01 6.146547573673286635e-01
4.942826573454683903e-01 -8.711280096358162695e-01
-2.945825537447518983e+01 -5.301804319189981740e+00
-6.132552619436959507e-01 6.886947029650154484e+00
-8.601431841964792824e-01 3.193822013775364344e+00
-1.536710424793747531e+00 6.146451137514507224e+00
-3.261334306610348399e-01 -7.129589539561362876e-01
-6.081911879516797015e-01 9.475930962815695136e-01
-8.025320474254620251e-01 2.659561686187488672e+00
2.387704247718207107e+00 -8.660406769864836818e-01
-5.359754438511625807e-01 7.031055537703250202e-01
-1.923445982982041258e+01 4.426087667711078311e+00
1.159213369921735071e+00 -3.436218974810480997e-01
-2.058626371646807129e+01 1.120979879222994136e+00
2.457938293483410419e-01 -2.604343333479068878e-01
-8.276001669170325314e-01 -6.459675968655997913e-01
-3.346429991035937412e-01 -9.316775346568273442e-02
-9.342628372502963519e-01 -7.762002077173835168e-02
7.237872211630744790e-01 -2.796921216512715525e-01
-1.400527326865559452e+01 8.251232683391562794e-01
9.384081138371511699e-01 9.434873313923970439e-01
-1.393246940961134772e-01 -4.473902693302991285e-01
-3.357834323272090860e-01 -9.810184623948459137e-01
-4.663157774273780642e-01 -7.768085450007071735e-01
9.914923055106072969e-01 -4.434902900187720487e-01
9.736130565291480909e-01 -3.686249836092392318e-01
3.637512756657934609e-01 3.239634534064550486e-01
-3.132579907369703598e-02 4.458291119211976739e-01
4.221840535047662879e-01 7.212405264727834719e-01
-7.418748176183747045e-01 -8.755374426239344032e-01
6.952608405825331239e-01 -9.953366138765507021e-01
-3.032927437243713165e-01 -9.245415999995389988e-01
-3.276982403601689242e-01 -6.952195947604922210e-02
6.917029455357861512e-01 -1.438259230649536757e-01
-7.131168279487838380e-01 -9.419884254562165271e-01
-8.661817934008713138e-01 -7.601879687326560386e-01
5.634482758463370544e-01 -2.841909461565617079e-01
5.864115346251381755e-01 -3.338827066476763861e-01
2.678726449980559643e-01 2.445939765707503266e-01
-9.782363438547021506e-01 -6.002465776924890140e-01
-5.533404520203735188e-01 8.337987125112564790e-01
-9.358375956320179601e-01 4.036576357028152096e-01
4.948116658225050202e-01 -2.078444126820910842e-01
-2.192893437136005375e-01 8.165779567002187100e-01
-7.738449359420420670e-01 -8.074793581828343392e-01
-7.619301431502529809e-01 -7.196964676505790415e-01
-4.136281444068308222e-01 -7.607417437854244735e-01
-2.341277540996467010e-01 3.832085456134342039e-01
8.902293271782462103e-01 -9.218127492774321752e-01
6.384830620948596103e-01 -7.395864154891573783e-02
-4.485772135617600576e-01 -5.520650738599091056e-01
1.233555304123123975e-02 -1.743128748633131497e-01
9.975308941370315541e-01 6.210317753842338195e-01
-7.627519342257236268e-01 8.803026829105156104e-01
8.608576286080376061e-01 -3.418821627232215832e-01
-7.092912617249866880e-01 5.728276844552504521e-01
1.419686007339195921e-01 9.883887881557795740e-01
6.881635372155092689e-02 -1.542183927728173476e-01
-5.546708824314818820e-01 9.902783446829490632e-01
5.178659445041775555e-01 -2.612741579743407261e-01
2.783802775009549535e-01 -4.890348237545547594e-01
7.984504659741527011e-01 -3.288092287440207429e-01
-2.118092446991304278e-01 3.372508394416591226e-01
5.821748179059393902e-01 5.139417694531567271e-01
2.680244729322796005e-01 -1.016278000932095971e-01
2.652167462208478987e-01 -5.503573957276379769e-01
-6.618660320989011581e-01 5.246194562520212212e-01
3.001901145736352028e-01 -5.155940351132979327e-01
8.347663414483061928e-01 -9.413515543894506177e-01
-1.443254376242730785e-02 5.996427218264110959e-01
5.947399621644351431e-01 -5.565342698596944526e-01
8.978530029765126041e-01 7.342494267940089525e-01
-2.466178146939228544e-01 -6.301429765918566961e-01
-5.679085732960182931e-01 1.116666150708702787e-01
1.074076705974129631e-01 9.276531252958475360e-01
-9.405403933672940031e-01 -8.339839872671168663e-01
-5.694662605197040595e-01 3.461641363139464911e-01
7.538157264285005876e-01 -9.545218902097694080e-01
-5.305243017026683994e-01 -2.760857702274568393e-01
-2.380174304379902850e-01 1.048639779750861756e-01
-4.304062824982484159e-01 9.324208129750501950e-01
9.992995661637278371e-01 -8.125861054400245198e-01
-9.903094350351859809e-02 -1.245953378157234059e-01
3.935404015213228579e-01 3.292527441596297955e-01
8.205616462298070957e-01 -9.394619998695776797e-01
-8.579657833314029425e-01 -9.134626064308815074e-04
1.757727225178595809e-02 -7.865018461047412757e-02
1.758155009355413245e-01 9.807459740982005236e-01
7.972233036109730442e-01 9.665797436171981172e-01
7.952849464964137916e-01 -8.565162347384625008e-01
-2.535510064362609395e-01 -8.470919467336823772e-01
1.190095219745701538e-01 4.524661711840016753e-01
-7.710172260001178302e+01 -1.400551966162412896e+02
-8.068256636168140261e+00 -1.550786702190344979e+00
9.491131817385332070e-01 5.424063304868727009e-01
1.399997315663512598e-01 -6.363340459933821691e-01
6.374698160573051275e-01 3.454853886073843139e-01
-7.842042313195545233e-01 -7.007480202873086483e-01
-9.815813268990254414e+01 -5.996660186931447356e+01
3.317590755891431709e+00 -4.088249213857393372e+00
9.042774207939192621e-01 1.028863673166655612e-01
-5.273319290601701237e-01 8.719599641845432458e-01
-1.545312393379751903e-01 9.655581346407038357e-01
6.377302418104240367e-01 -6.958134088254810390e-01
-8.846128971598687940e-01 -2.056897897438399525e+01
6.572276633973084259e-01 9.768862063244860838e-01
6.248552850348318977e+00 -8.390888418230459944e-01
8.259134760240884887e-01 -4.239241744244304044e+01
-7.587717296469453920e-02 4.651929867059417134e+00
-3.209284775850329563e-01 3.277861617038139386e+00
7.720332096759336959e-01 -3.681879452795555618e-01
-7.229936630991486979e-01 5.997418229955158164e-01
-2.432874913501132941e-01 5.006208806850578341e-01
-5.856818686496467752e-01 8.281838350976078456e-01
-5.115334760005145753e-01 3.802968905602610583e+00
1.564343656658756077e+00 -1.808461340929136796e+01
1.814539117536506652e-01 -8.534855593124093254e-01
9.642451776212208614e-01 -7.091255282737098931e-01
-9.433453574614081294e-01 -9.979932406536657918e-01
4.007045632355994425e-01 -1.224898980765127821e-01
-4.531257297298671993e-01 5.976304770175242531e-01
-1.789240604878166163e-01 6.748936607220670236e-01
3.327245924650259479e-01 7.874309646276926866e-01
4.443792948313518565e-02 -7.753110037734292082e-01
-3.874185788222614946e-01 8.910219368751577385e-01
-4.928419599041480303e-01 1.176748025466038960e-01
9.332195350959859859e-02 -3.805658821328961050e-01
-7.150250402585578424e-01 -8.172957130736604459e-01
-2.080638568169606515e+02 -1.491034600627191082e+02
-1.047796347729141964e+01 -9.561576415829368614e+01
-3.875947450040329034e-01 6.275861380509488718e-01
8.866756151460586377e-01 7.188103372020540061e-01
-7.173214068532156595e-01 1.901770651746481633e-02
2.972931638637834606e-01 -9.716696240498190473e-01
-1.626104323398767519e+02 -3.844776559688992990e+01
-2.189816399326340424e+00 -8.923170508395944012e+01
8.169068921298181962e+00 -3.157801072675686171e+01
-8.247683183894998216e-01 3.113120772508153333e-01
-6.935144272140896238e-01 -9.959549147017827675e-01
2.914423471864580062e-01 1.305749647492961962e-01
-1.106864177323476994e+01 -9.270996834316387947e+01
-2.153215720652720577e+01 5.797329883155404318e+00
1.922241826353161542e+00 9.965094037314997877e+00
-2.298584249897519527e+01 9.390156416261550731e+00
6.826097097969439087e-01 4.411200270611823626e+00
1.238985484527124870e+00 -2.513934993391996997e+01
1.706315013662291769e-01 -4.111718681087150884e-02
5.775572016683810261e+00 -1.860803265523736094e-02
9.813464167207055056e+00 -4.877340150401108243e-01
2.912638820623659086e+00 9.567452246414992700e+00
2.090474334963449810e+00 -3.596611517533465019e+01
-9.175150306148142931e+01 -5.159524047437077598e+01
-1.309173681037425485e-01 -4.077034741195098011e-01
-2.630184207371963900e-01 2.204162041977122399e-01
-9.539092430372941855e-02 8.366575527335833318e-01
-3.321056021798662883e-01 4.150820097157218669e+00
2.721586450204223628e-01 -1.462785920562391340e+01
2.590548186994213076e+00 -2.326576613163771867e+01
1.444865905898820024e-01 7.511505010281371852e-02
-8.283034458296583136e-01 1.567214103987346618e-01
-8.663294966000516517e-01 -3.248685614810642441e-02
2.091117250218108570e-01 -9.989751990117234914e-01
6.526759525624774572e-01 -5.356829507528715340e-01
-5.387789990019478115e-01 -4.790818010422470685e-01
-1.495906201459979812e+01 -3.627081183218158600e+01
-6.050719904340235988e-01 -6.019815527065852656e-01
-5.706569577567677243e-02 8.211067257343978021e-01
-4.861975314098079259e-01 8.500064333317558507e-01
-9.511734783798444504e-01 -5.272499387705371632e-01
-8.300578735784112094e-01 6.386124441412233121e-01
-1.843870066355263759e+02 2.834365482726081131e-01
-6.748169634076455736e+01 5.087013572507112613e+00
-2.338410990114875077e+01 4.982860774924954939e+00
-5.097756850149788299e-01 -3.453945233090516265e-01
6.402995974318532735e-01 6.503381405114614378e-01
-7.574295221354545582e-01 -8.385701787019956832e-01
-7.303511913235989361e+00 -1.163608639847680166e+02
-8.551408220862487042e+01 5.709326891736628440e+00
-3.869689791815484625e+01 9.615518931034731764e+00
1.616513973804611481e+00 9.871704280507767493e+00
-3.279155499777832716e-01 -3.397107607616254299e-01
-2.373674593937721067e+00 -2.054612897525669446e+00
-1.087779311860155307e+00 -5.848717585259313267e+01
-3.940392502880108339e+00 6.128471482572372508e+00
-3.928061884486911026e+01 9.598146222017765794e+00
-2.758406639091140988e+01 5.744575415991743483e+00
-8.692675828552772543e+01 -4.153515216173467195e+00
-1.475745793175737788e+02 -6.090923094219479417e+00
-6.653899245188841238e-01 2.946689792105743777e+00
-3.285742146667818275e-01 -5.761808809387434227e-01
5.951699603005211614e-02 2.616627874935610887e-01
-3.912500162519526725e+01 8.762001801152315750e+00
-4.515167636385395156e+01 3.768807526127388119e+00
-1.868551464260110322e+02 -5.082727303430844756e+01
-7.218751202436071157e-01 4.389464752031619899e-01
-7.371094615619031565e-01 -4.830389395712482159e-01
8.602747586605068442e-01 1.043833358696943936e-01
-2.418473428385623514e-01 4.990353136779510645e-01
9.245798095437629538e-01 5.246941265547637734e-01
-1.820224971732086487e+02 -1.470247949405059558e+02
-3.661820359420879800e-01 1.504622635038946665e+00
1.754856137186548981e-01 6.072360930409665958e-01
4.262423616518185021e-01 -9.925698866746932580e-01
1.750715518726091435e-01 6.286532048364383840e-01
8.729367603599644809e-01 -3.622528867051819645e-01
8.449774750430609771e-01 -8.701975340058498709e-02
-9.826116928063611056e+01 9.506023094369019377e-01
-2.083813210086686354e+02 4.902199223622675461e+00
-9.893930180825865062e-01 7.914538916772668742e-01
-1.978884513277248125e-01 4.158331023567751750e-02
7.349202302303550205e-01 1.184773688491553845e-01
3.404400108571348227e-01 1.811938718831827000e-01
-1.675499216977720494e+02 -1.351304547862121126e+02
-1.870788229620581262e+02 5.480348285504438977e+00
-1.023724031140597646e+02 -4.882394281392483748e+01
-5.437340033839756614e+01 -1.829770599938212783e+01
6.789904585905439660e-01 -1.394277488769413154e-03
-1.795084269761395568e-01 -1.567554312808874251e-01
-1.803267747809022410e+02 -1.192791874519187161e+02
-8.208789361695243425e-01 -9.819637139464583697e+01
-4.352053746003601020e+01 8.651592294287836493e-01
-1.476644758904766945e+02 -1.358310291606620694e+02
1.177655053359227377e+00 -7.840921705030052813e-01
-1.872179787076487401e+02 -1.741606595295343709e+02
1.200043391078280397e-01 7.504749685283206295e-01
1.150625273531622694e+00 -4.659311912398977906e-01
-3.401021810222084607e-01 3.916148872328022446e-01
5.549113370691043379e-01 2.262221187146924883e+00
-2.145677820543642156e+01 -9.730909482831708601e+01
-1.686199144215084971e+02 -2.083789677106020690e+02
-2.722655766735575522e-01 3.177640479829246800e-02
-7.257269890240707344e-01 -5.869982031062908057e-01
-8.327531539766326318e-01 3.154853930429581954e-01
-7.093317733930546432e-01 -2.945746988269615230e-01
-5.556845757020743015e-01 -1.193056654570145980e-01
7.745018476666227780e-01 1.859111586799613303e-01
6.874636603739827656e-01 -2.989011111046804281e-01
5.742696889190341825e-01 -9.754938966653146082e-01
8.249447953628565866e-01 -7.468277886903225138e-01
-2.308782394066610788e-01 -1.650698119361173610e-01
-5.760485009919584787e-01 1.820211510228655349e-01
-1.829068035013685645e-01 9.746255892825141931e-01
-2.236975548821951154e-01 -7.318054557215125655e-01
-8.318359806201507389e-01 -9.780688903157308545e-01
8.158840290657851657e-01 5.062687322866470385e-01
5.035602455439032177e-01 5.344102584476084772e-02
-4.088532187744886581e-01 -8.496797491077188180e-01
2.275388965070974656e-01 3.595051748276150150e-01
-3.291439724793066013e-01 -8.521276465408869072e-01
-4.761262104065751011e-01 -7.813473052254924500e-01
-8.967979058326738251e-01 -5.396078472561993689e-01
-6.816137582408741125e-01 -8.818486333721371473e-01
9.069698194659001622e-01 -9.026057378077572135e-01
-4.670726944876293363e-01 5.695794382105412446e-01
7.282136064479081128e-01 1.161355511008155261e-02
7.426305231619951819e-01 -5.639640568567405587e-02
-9.651916612335007528e-01 2.615347790943425288e-01
-8.018724477417611407e-01 -5.280422765247450023e-01
-5.569805863693335635e-01 4.486491187335073239e-01
-3.925889054362010633e-01 5.497829828511429096e-01
6.715818385096876675e-01 7.902962721242223765e-01
-3.404819239332872449e-01 -1.162716594685522242e-01
-9.196079558588248215e-01 -3.867717208011669516e-01
-6.692050368752642253e-01 -4.396854389727335999e-01
-4.625675574052221517e-01 -8.782231542540492875e-01
8.798430054165697900e-01 -1.995471418551626464e-01
9.174177948010104888e-01 -2.022951604962859307e-01
-9.861533518204224080e-02 5.659497532399992981e-01
-9.631570115046679259e-01 8.122782543407429667e-01
6.083350258420554546e-01 8.423441343239093104e-01
3.095732422765127279e-01 -9.063141479104641629e-01
2.031719556650868341e-01 9.326886148707806967e-01
3.740364511448228679e-01 4.694745676999987349e-01
6.880887091301435277e-02 -8.506999151915697333e-01
-8.376629491376743619e-01 -5.359625983034097541e-01
6.870401094338549619e-01 -1.460836219904553257e-01
-2.119866308588358450e-01 -2.900967101834517337e-03
5.778526893100643935e-01 -4.398827450885514079e-01
-8.467763849546749988e-02 -3.167535143978852386e-01
3.913082345419562902e-01 -7.614575021608298577e-01
6.333129789470630655e-01 3.664455744684675942e-01
-6.519190546078750259e-01 5.576365593086636263e-01
-7.556316512426752841e-01 1.669495952140602757e-01
5.857916761107719861e-01 2.024930513561995493e-01
6.128410452937618214e-01 7.181486629244138165e-01
8.554367022109705676e-01 -2.975824699855291744e-01
-9.657616991953035246e-01 9.196070423611217848e-01
7.322717254247181895e-01 3.348221559035158279e-01
4.251338647465203735e-01 -1.399343344199710515e-01
-1.874091462809350794e-01 -2.523083478808558766e-01
3.630600273618480589e-01 4.377347464672542987e-01
-6.205173999053548162e-01 5.879858625268101768e-01
-8.653812142325352230e-01 -4.497656095486883832e-01
-8.247399187331643233e-01 -8.807870733694649346e-01
4.789108162793445089e-01 5.760072336986172825e-01
6.730893241935129723e-01 -7.567343779361641598e-01
2.866312921205111941e-01 4.374529459387612729e-01
6.423267282027353975e-01 7.779944456942449182e-01
-6.501319711962141312e-01 -1.766056564012594698e-01
-5.310002736670116352e-01 8.554936773961079322e-01
-8.055466180392387709e-01 -6.273963162345703726e-01
-9.718919211556666937e-01 5.552019844295403850e-01
6.000415296160301892e-01 1.202004780549565943e-01
-9.754724207097800193e-01 -5.514716048394383563e-01
9.507810667734519772e-01 1.083779386508290088e-01
3.509232569943843139e-01 6.055537946679014905e-01
-5.034516547048160096e-01 -8.993946236175671682e-01
6.589625662530340655e-01 -3.321415622003816015e-01
-1.423736211952579538e+02 -1.214826937863796630e+01
2.704179764898311245e-01 -6.665038890693009144e-02
1.531098796058261158e-01 6.030363694781589956e+00
-9.791925979001161462e-01 -9.574603848232772219e-01
2.381939639801418096e-01 -8.640481810147602193e-01
8.617414396746700955e-01 -3.700689456945525091e-01
1.222226770629293302e-01 1.169059174637053999e+00
4.737959384504948357e-01 2.532263715056317643e-01
5.738058252500565004e+00 -2.111675730124293437e+00
5.076963742470308460e-02 3.809560445414250651e-01
4.779116831968561740e-01 -7.861551846422920597e-02
-4.509434221841088775e-01 5.086272935506490622e-01
2.167189610121718069e-01 -2.245105239737648084e-01
-2.716516786353395663e-01 1.369688218175428851e-01
-4.677594435993150945e-01 -1.762481025495008513e-01
4.698077583650079880e-01 9.651512978629839257e-01
-7.762253744415406054e-01 4.603001509010278269e-01
1.698434682204641444e+00 -3.915127690845607411e+00
-2.495582542166321360e-01 8.209285701772508492e-01
4.796050418111794666e-01 -7.112028172372133472e-01
2.098899595293566289e-01 -7.584023847693284193e-01
6.658407981701586209e-02 1.390741964541755138e-01
7.865412577137227412e-01 -1.513777183743822974e-01
-3.518528665821531565e+00 1.071164137626796853e+00
-3.005151173510196561e-01 2.779676468886551621e-01
5.342006470149553987e-01 9.444203179697996386e-01
5.582968179225593630e-01 1.340123496820724291e-01
6.324408473884814974e-01 -7.183085992166031719e-01
-5.544970491508254273e-01 2.483588792507520626e-01
-4.385341383812511040e-01 -2.935869456063660010e-01
3.663300387406487335e-01 -8.941116028635021085e-01
-5.020784679949974461e-01 3.918986839495439689e-01
6.399622755771727789e-01 -4.817052609586327527e-01
-2.378126173180956648e-01 7.143049364932683165e-01
-3.978230967819607056e-01 9.617106903151495523e-01
4.029725117832698711e-01 -4.690526339703959824e-01
-1.676417653623606725e+02 -3.327399281359524252e+01
-3.977862411443418722e+01 -7.459104132368886475e+00
1.182799972574483327e+00 -6.351316395838546569e+00
-2.268552944319615072e-01 4.995933078722112342e-01
1.242765208566534163e-01 -4.036972490248988965e-01
7.185251646358370436e-02 -7.234639705552448063e-01
-2.217489693322743705e+01 -6.484768849304458627e+01
4.074336618167825996e+00 -5.590548635745501826e+01
-7.538283889382622505e+00 6.900472806303667994e+00
-5.474255330265114239e-01 8.645337223546241123e-01
4.893258021619835141e-01 4.836425580620902220e-01
2.312813626848844173e-01 -2.820171721881281623e-01
-1.310104935738278087e+01 -2.115260011504000204e+01
-5.783664327357556090e+00 4.668746069830809198e+00
-1.936370660917141606e+01 5.020366021917419985e+00
-3.295051344931610782e+00 9.897370466448819570e+00
-2.891122989394455889e+00 -3.690677068929564264e-01
-1.264156010135750385e+01 4.200956622504305571e+00
5.852256756847866725e-01 -3.397043455916839427e-01
6.694461970739411516e-01 -3.025117441221758519e-02
5.880344167728572824e-01 -6.016118594431507649e-01
9.518499060655449817e-02 2.918364816172794196e+00
-3.371999725309690632e+01 -4.599865646079813963e+00
-4.306875871501293318e+01 -1.450903861399328676e+01
-5.550842174313341815e-01 -4.964582317111587706e-01
3.669230235248635008e-01 4.082184566054127828e-01
8.279560603614453118e-01 1.071716477891127006e-01
6.591129938968391944e-01 9.777925670400167135e-02
-5.958046637659479838e-01 2.041947285754861063e+00
-1.390892001234619535e+00 -5.648498152900706337e+00
-3.154735517608899809e-01 6.592974174973367241e-01
-1.529162032000945803e-01 1.063877227682956672e-01
-1.655360295766659107e-01 2.307279509945705520e-01
1.310481495443507338e-01 -8.319272561559265533e-02
-1.310804623894230581e-01 6.816575210020976439e-01
5.994509925709250453e-01 5.918961596886533894e-01
-1.734111026875097821e+02 -6.567125015805265420e+00
-1.817795915414563126e+02 1.738291839742368783e+00
-1.588704355008787417e+01 -2.711021006056901328e+00
1.631412910300145125e-01 -7.564891949870800048e-01
8.802359402100901065e-02 -6.262256494537472573e-01
8.818361908344736211e-01 -6.873794339666030595e-01
-1.356648959926620250e+02 -2.628620327923650191e+00
-1.641816268770423903e+02 4.641131838238139906e+00
-4.854867200027217500e-01 -1.256438339174448089e+02
-4.456256388764450183e-01 1.120635662658246989e-01
4.874429659350851818e-01 1.805987772050210438e-03
-1.306702918383559897e-01 7.844004171690113214e-01
-1.503670635218433631e+02 -3.623036887385810534e+00
-4.502462439532083494e+01 5.903910310442773479e+00
-1.811767382627746201e+02 -2.373681376326680592e+01
-6.711269190261606354e+01 9.347939793843682565e+00
-7.670201755576849578e+00 -5.584400407880915074e-01
-2.753607364284687264e+01 -1.644909313454947730e+00
-4.673294066732274210e-01 5.864177443994416095e-01
4.608501399014499622e-01 1.308772469212916789e+00
-6.004364512255491171e-01 7.850089142268059650e-01
-8.101870765363912597e+00 4.560444189698069639e-01
-7.218391256824145330e+01 3.149367568987881949e-01
-2.071030444562554749e+02 -1.132137065156031781e+02
2.103739707512251034e-01 5.643933434136774174e-01
-6.371329006903454495e-01 3.436249393679879915e-01
-2.457052152781697973e-01 -1.455434593859592507e-01
5.952924829858254885e-01 -8.644485781649791090e-01
-1.609544084839518163e-01 -1.170158100303129167e-01
1.731133966288531445e+00 -3.200851803931138306e+01
-7.672517008124979387e-01 2.797389003907932992e-01
-1.883633395250863263e-01 2.693384757970307408e-01
-3.837511810368374743e-01 3.050931683344526579e-01
-2.333782862026811955e-01 -1.330459866142070791e-01
-9.817963745646922646e-01 1.754886622770022164e-01
-9.628675622902087561e-01 7.925317756508105660e-01
-1.586055914196505796e+02 -1.069069784333492237e+02
-2.650760553454429669e+02 -8.129403601692752890e-01
-5.976381347110237829e-01 8.382378752216279594e-02
-9.506915181178452467e-01 5.206282072350920664e-02
5.765644928235909017e-01 -4.398532578208631527e-01
5.196021021688230768e-01 -4.410783299427827320e-01
-2.556526314153055921e+02 -2.193475644601777219e+01
-3.552989281621228770e+02 -7.444907597682191636e+01
-1.987281866468862574e+02 -1.410743966364465507e+02
2.617685046839104412e-01 2.682768310267371614e-01
-6.604759858971731568e-01 -7.548129488097781170e-01
4.204322376285747342e-01 -9.521874060442834242e-01
-2.610227989859859576e+02 -2.906588944296326460e+01
-2.229332166694742341e+02 -1.960335708025093595e+02
-4.915883543693405500e+02 -4.829963277789244671e+02
-1.933412374752106473e+02 -9.482261278135638349e+01
-2.923288860974844194e-01 2.033716542528960503e-01
-6.716857644593807741e-01 -7.597135696980832353e-01
-9.902492273933417266e+01 -2.621911633552136411e-01
-6.759510473059839875e-01 8.279441786374255319e-01
-4.057409183766469418e-02 7.743938073771743369e-01
-1.433698455354152657e+02 -1.174447329886358631e+02
-2.844052862947180529e+02 -2.389558898630312171e+02
-4.032376115685229934e+02 -3.134208767860576472e+02
-7.449918324542021963e-01 8.582513083910381368e-02
9.946169018664492434e-01 -5.100244556797863815e-01
3.340580150589402830e-01 3.598691945871945741e-01
-2.017831008185384523e-01 6.135509969071679670e-01
-8.248388394750632013e-01 -9.940966124322854114e+01
-9.384658053126774746e+01 -1.412588923786719590e+02
-3.767307185397574809e-01 1.678345068603595003e-01
8.633778208521381003e-01 3.932262642835155919e-01
-9.226054354770603094e-01 -3.263623127263219903e-01
-5.593671592238589341e-01 -8.840321423412691448e-01
-8.915735870270720120e-01 5.023275402588103233e-01
2.267283619500863878e-01 7.049649703373939147e-02
-1.891434777008824675e-01 1.115263481956867420e-01
-4.706079424977047676e-01 -3.983636255177693819e-01
-1.022682380227690757e-01 7.931772260792628870e-01
-4.055512632367050951e-01 -3.632406730203820988e-01
2.905514717376564970e-01 2.925234866681456491e-01
2.727087865697426228e-01 -6.547113894875344897e-01
-3.988048958991676773e-01 6.937879766770500556e-01
9.594889897537808299e-01 9.339351149552146403e-01
-8.655005480656230432e-01 -1.271222642296723215e-01
-2.429023167884523104e-01 -6.167963596267242998e-01
9.529724424056131848e-01 6.864795874678897292e-01
-2.858806805435463172e-01 9.097139295305063378e-01
-7.383476180053862858e-01 -1.444079665217545827e-01
-6.630213349808438128e-01 2.251703713584698452e-01
-8.927250829665014376e-01 -7.304893395025899849e-01
9.422066994793021344e-01 4.730827629707268223e-01
-2.851335767950802236e-02 6.948187940051602229e-01
7.331666820442379606e-01 -6.917607034127597476e-01
-4.063142106609820559e-01 -6.626337718559072165e-01
-2.557353683758978313e-01 5.117931179121075758e-01
3.052719706380564446e-01 4.348692659573192287e-01
2.667139001977716362e-01 4.002880587339869844e-01
8.500419658763467279e-01 -3.644701109521335525e-01
-9.031568395585538589e-01 1.019332378564616892e-01
-7.543688406185098394e-01 -2.154916621734872528e-01
-3.844256964312657843e-01 2.654732675169779732e-02
8.550271935852316041e-02 3.615366674879052500e-01
-1.354192486150740393e-01 2.388677533480008108e-01
-6.607281422918171998e-01 -4.776778902953622286e-01
-1.249245028475871599e-01 -5.668168808515436918e-01
-8.988636680764039433e-01 9.827197245918022350e-01
4.303335755152022379e-01 9.539702733215413843e-01
-4.934257180985259783e-01 4.529031803068976902e-01
2.937265992017832339e-01 6.876245313780744439e-01
-2.432095579223896298e-01 -1.822518105342298966e-01
8.348262917780135961e-01 -4.715638424986581256e-01
7.935527317358435084e-01 1.300346064341681984e-01
-9.442933414313317009e-01 -9.554949045062040014e-01
8.554945043308057606e-01 7.104017182639914552e-01
6.599758023574282539e-01 2.099092526256700619e-01
2.959925994054728449e-01 -5.450091685190134871e-01
-3.254331125707299321e-01 3.439249122881191667e-01
9.926668499483646269e-01 2.793809546728576176e-01
-8.800422478673841642e-01 -4.154780361404215583e-01
-1.465180634559060113e-01 7.767651016613850157e-01
-1.913030887690976289e-01 2.141498585932404275e-01
-1.136084350170158963e-01 8.626515913529084756e-01
4.779430913836923978e-01 5.836335498914269060e-01
-7.554743459097768010e-01 -7.285284935939064788e-01
-6.981287765980233040e-01 5.313776886943539779e-01
2.305417644743228411e-01 -4.979068764583287621e-01
-2.428316685354048321e-01 -4.540274854368329116e-01
-6.263170788708312120e-01 2.266281879301101920e-01
-6.441243509991438909e-01 1.620087760107540298e-01
-7.121401653519119357e-01 1.305793711651515032e-02
-8.958915975592662839e-02 5.955188426602098239e-02
-7.303752390437938669e-01 6.931724248382307163e-01
-8.313222913427620320e-02 8.845560776392935587e-02
-5.149829947771971117e-01 5.937828343092470540e-01
-6.234798632573683719e-01 -4.628394089043836868e-01
-9.722580247089296357e-02 6.855984066637252905e-01
2.382883906933881413e-01 7.455651318916811654e-02
8.740039088648954291e-03 -4.038180847758798819e-02
-4.975977986090620586e-01 -9.748154966978002101e-01
-7.315764853112214361e-01 -7.048714403306242104e-01
-4.317911920256078950e-02 -6.464542133064987706e-01
6.851499037024755268e-03 9.870811681057769515e-01
-7.262653876215190429e-01 -2.554825995484932832e-02
1.766433646466771812e-01 5.561599061478774697e-01
-4.678888504739719956e-02 -3.304860494562928963e-01
-8.716291275239957947e-01 -9.373385994999725579e-01
3.384904957297023564e-01 -1.070103601281495731e-01
1.253911996033330034e-02 3.989868093264674620e-01
1.628401404173500655e-01 5.380911377640742455e-01
8.314915792529788963e-01 -4.904883445641330386e-01
4.921792971176741638e-01 -4.097011961256336043e-02
-8.959028511967972452e-01 3.605532424926956026e-01
4.115971158395799190e-01 -3.763242246970157634e-01
8.214060855012625950e-01 -6.867208946479328446e-01
3.739146155354697854e-01 -8.274801250206613723e-01
-9.317221551933307921e-02 -1.620291514714859993e-01
2.437397032114725359e-01 3.154451478984903190e-01
-8.136496395503118872e-01 6.544154438773517324e-01
7.956807690450862225e-01 3.438946092101566876e-01
-5.182986971150991273e-01 -5.509107474514614022e-01
-2.619140803153123809e-01 3.210190079773451721e-01
-4.713999041214700370e-02 6.219460200027944197e-01
-8.888194827409701126e-01 6.229077270860972071e-01
4.210839977899676345e-01 -3.694393576078041086e-01
7.196249049649954266e-01 -3.799547251882451349e-01
-7.943507256838457931e-01 -8.209213481320378758e-01
-8.846124583482657400e-01 -5.496003566929861250e-01
-8.875170757458397119e-01 -1.371419699634759404e-01
-2.663515186204268304e-01 -4.343279370693746699e-01
9.382686011432510576e-01 8.377971429744039966e-01
8.527363885593843840e-01 -8.167650604094927047e-01
-9.271576468638773605e-01 -3.652034288189933697e-01
7.457373234004078810e-01 3.404995938861130611e-01
-4.052871658717736025e-01 6.191267711108197069e-01
-8.387246160869943346e-02 -5.071773523774651959e-01
6.001725915415756507e-01 3.730567681617580345e-01
7.038535209675738091e-01 -7.004885482873217661e-01
-1.854097237411602705e-01 -2.461269130645997727e-01
8.651610812588501620e-01 9.712927996488105453e-01
-2.153853074070168905e-01 8.270841858951127890e-02
-6.704366467799347529e-01 2.117369487428135688e-01
-9.136711161234134515e-01 -5.277066243215420283e-01
6.775408299105052379e-01 -5.367391664656591121e-01
-7.210071118197701878e+01 -3.053253397990267004e+01
-7.018059859913758203e+01 -8.798797335204600500e+00
-5.086401940219018059e+01 -4.972158085152337748e+01
-3.141207780553594286e-01 8.524769428107421554e-01
7.290146094686096312e-01 6.172516143493842478e-01
7.394249767361062986e-01 2.342612960347187911e-01
-1.850750769956350439e+01 -2.164697668829519017e+01
-6.054792577874912318e-02 5.656392730568200022e+00
-2.594349522949632725e-01 5.090432163465552495e-01
-5.291024856502213325e-01 1.417003476734681744e-01
7.488079557765559002e-01 7.511812939262720867e-01
-6.091479882976755800e-01 -9.939271214312210834e-01
-3.511989215969417710e-01 4.901203115985617309e-01
-9.903395996638575394e-01 5.525583994032698953e-01
9.750529928198581331e-02 5.227310425348763445e-02
-7.871317819001415472e-01 8.689636359187096204e-01
5.350800853449098060e-01 4.030786885023474042e-02
-4.007363932544578944e+01 1.651303837300248212e+00
-2.039769580804620119e-01 -1.348365449652872972e-01
3.976421543639221401e-01 5.423311406666588841e-01
1.712503267157132747e-01 1.342113137886062901e-01
-6.090780372228918882e-01 -3.743084921278043709e-01
-5.417671793744336384e-01 7.086438002711568096e-01
9.948984291210847264e-01 -4.097781489251282050e-01
5.157955689663296095e-01 -7.771000843415070136e-01
-6.771991566960915421e-01 6.793745106627468999e-01
6.668679696688524228e-01 -9.989257996139864204e-01
4.317772716654870724e-01 -7.398401165304557825e-01
3.523466134869446265e-02 -9.464334498680890828e-01
-5.194939133302476364e-01 -3.971481288162037604e-01
-2.962748151887548698e-01 9.732823552210609908e-01
-7.589657242364202805e-01 1.981213655051963229e-01
1.369063355911714908e-01 -4.792659475010778714e-01
5.186546003729277654e-01 -2.340487324450113427e-02
7.878397594932684544e-01 -9.746036191187825715e-01
-4.984875068598562109e-01 3.442548600029871064e-01
-1.650458564262424375e+02 -2.477768343384536465e+01
-1.716629671025523862e+02 6.011541056411105366e+00
-2.644189758453441641e+02 -9.634968813275715860e+00
-8.059183281254689302e-01 -5.275049749055558124e-01
4.665591975046026185e-01 -7.060814766816330135e-01
7.631424573549334678e-01 -3.141715407777267988e-01
-1.198823471800693028e+02 -1.143098129606614677e+01
-1.627823259263926161e+02 5.229439723092211167e+00
-2.465705091492103520e+02 -5.093438979585756243e+01
-8.064514132193164642e+01 -6.454439696473475152e-01
-9.392922022017708983e-01 4.150208656688318953e-01
8.691680819434139948e-01 -6.543389609490946057e-01
-7.014653212148982409e-01 -3.887055416205529301e-01
-3.129628897223928785e+00 -4.718432844170196461e+01
-1.647355044858989572e+02 -2.299896782672369966e+02
-1.202159662428246918e+02 -1.094298032420766065e+00
-4.276196456254210432e+01 -4.443727038900860293e+00
-1.409145490679800332e+02 -1.815792761887417939e+01
1.443579124578404649e-01 7.539593780058893024e-01
-7.944985057458509026e-02 -8.968884109349994915e-01
-6.518325503586219760e-02 7.929489318929052732e-01
1.192434620310301785e+00 -8.933745989291346223e-01
-1.012569475788788083e+02 -3.867234748458501770e+01
-8.033536112730737955e+01 -1.110106941465460295e+02
1.798300847648850453e-01 -5.229613658878162763e-01
-7.517885567794269086e-02 3.610364703001796016e-01
-4.292201591184245935e-01 -6.523106508543148330e-01
9.909047120332674652e-01 -8.261155548524354852e-01
-5.621221173749257893e-02 4.322371453027318289e-02
-9.793832628475269697e-01 -4.232444523224641042e-01
-9.056376903183480653e-01 -7.960447870969833417e-02
-9.209333530445669158e-01 5.172894109187582412e-01
7.827485836826273413e-01 -1.583771983237414194e-01
-2.885379126756300039e-01 -4.995747078412935416e-01
-7.930946445432685010e-02 -2.485940638381058942e-01
-2.711537121458302835e-01 -7.310815470323583920e-01
-4.196213569743942458e+02 -4.363056790316336446e+02
-3.696405100821378369e+02 -4.499410960694892196e+02
-2.659832766451316388e+02 -2.653418912346798493e+02
8.630301455389193244e-01 -2.845211611966989018e-01
-9.131966781042148984e-01 -7.089591972189475122e-01
1.395804241481648500e-01 4.559013786748495889e-01
-3.596635883868628980e+02 -3.003945204070263344e+02
-4.041504361183803553e+02 -3.694423599204986317e+02
-4.495063043429295249e+02 -3.678326677933957285e+02
7.953213060246677735e-02 -6.258307505718772035e-01
4.880508128174092519e-01 -3.398750837904949140e-01
-9.874796957275762566e+01 7.092192052804748847e-01
7.743034648579472101e-01 3.658152698148982029e-01
-2.656520506103247499e+02 -1.143825779879610707e+02
-4.256298607524390150e+02 -4.381071305660584017e+02
-9.873787307095005872e+01 -9.878743478280226498e+01
-1.940509395604160545e+02 -2.599479341085017268e+02
-2.854150143375221091e+02 -2.550681813530187014e+02
1.290605453803184144e-01 1.915288537756998366e-01
2.763076560516888325e-01 -5.557598744633711618e-01
-9.007914533591310224e-01 9.355427812410832544e-01
-4.725946528961109117e-01 -9.892160630085010098e+01
-2.128901204579143496e+02 -1.997681635749075042e+02
-3.606888352006060927e+02 -3.755342501714420678e+02
9.930373318767877766e-01 -2.047933616517050304e-02
-3.234454470055292408e-01 2.879724970810020324e-01
8.882127043528966759e-01 1.582207315334156483e-01
-5.915427071110967994e-01 -3.831144723254238382e-01
-9.248213027610534542e-01 7.151912907943900333e-01
-1.634444927190712438e-01 -5.012746652614388232e-01
-1.204878309254995283e-01 -2.813405092361587201e-01
-5.439533583316669141e-01 -7.971145826315138017e-01
-1.532626013856208669e-01 1.704979768221919212e-01
-8.954062745439796966e-01 -1.608197795280374987e-01
-7.874520559521607233e-01 -7.754972345318988936e-01
-1.143234168603131096e-01 -2.985836352093818036e-02
4.200003574611372859e-01 -1.816960956420508033e-01
8.232274420549412497e-03 -3.235760435859196260e-01
2.319579724911202678e-01 6.957665488242972263e-01
7.164722505708513989e-01 -8.823193102975968038e-01
8.937036837315650573e-01 3.987653048914501230e-01
-9.641988046666993828e-01 -9.099923634790165750e-01
-6.511646748117883021e-03 -9.600319194388557964e-01
4.741492609364013067e-01 -7.901721735724296369e-01
-3.196147719429103251e-01 2.255174386248524065e-01
-7.747020229743515340e-01 2.627022889043049148e-01
-2.793645041025656361e-01 -3.486287583658129741e-01
-2.896509720270366017e-01 2.246098437492860533e-02
-8.728584941576291722e-01 7.568079631769912829e-01
6.433162633835132205e-01 -1.722529647507384798e-01
2.272640557393359462e-01 3.765043342400586912e-01
-8.968415651092267460e-01 8.064272484477510439e-01
-5.386252862483116299e-01 -9.314710946011663939e-01
-2.070184623739923513e-01 7.225327074130101224e-01
-2.460373060113412169e-01 2.646754198133025593e-01
-9.291577123063055055e-02 -3.124381675398135716e-01
-4.905390659037982548e-01 1.496758729091807183e-02
-1.345552262592408788e-01 1.204669849000916670e-02
7.184229829661559208e-02 7.540892654107849147e-01
-7.177533903194237563e-01 6.364088380900967401e-01
6.168340447760725098e-01 -6.119880167892475242e-01
4.708269287938344760e-01 5.219518429493916756e-01
-4.749202524924351909e-01 -8.183729177901666318e-02
-7.268150620620852376e-01 3.217161821253506915e-01
-8.755629290492883410e-01 -9.668059494012615218e-01
5.402878220644511398e-01 2.462560858034545941e-01
-6.363405907994303945e-01 4.024193885306055485e-01
-8.853782682641695434e-01 6.618158041900945587e-01
7.554252408850306022e-01 -2.407305210730228406e-01
5.148856811603577111e-01 3.555723161186274961e-01
2.285578605687730303e-01 -1.749829126647621802e-01
-4.105435936584422851e-01 2.029504721304511428e-01
